118
104
104
103
103
103
105
103
104
102
100
101
103
102
103
102
102
101
103
105
102
104
101
102
104
101
101
103
101
103
102
104
105
100
102
101
104
106
101
101
101
103
105
105
102
107
102
104
103
104
106
101
103
104
102
102
101
102
105
104
104
100
102
102
104
104
104
110
100
102
106
102
102
105
101
104
102
104
103
103
106
105
105
103
102
101
104
105
103
104
103
102
103
101
101
103
103
103
102
288
101
103
106
100
101
100
101
103
104
104
103
105
100
103
105
105
102
105
102
101
106
104
103
103
106
105
104
104
105
104
105
103
105
105
102
103
101
100
103
103
107
100
104
128
104
103
101
102
102
102
103
105
102
104
102
101
105
105
105
102
105
104
103
104
104
101
104
103
100
101
101
105
103
103
105
105
104
105
104
105
103
103
105
104
104
103
105
104
105
104
103
101
104
103
104
104
105
105
103
102
104
103
105
104
105
105
104
105
105
105
104
105
103
104
102
104
102
104
101
103
104
104
105
105
104
103
105
102
104
101
104
103
104
110
105
104
101
104
103
105
104
104
102
101
104
102
100
101
105
109
104
104
103
101
106
102
100
102
106
100
105
103
104
104
108
104
101
105
104
104
105
104
104
104
104
104
103
103
105
104
102
104
102
104
101
100
101
105
105
101
102
105
105
105
105
101
104
104
104
105
114
115
123
110
101
136
124
100
124
101
103
101
101
102
100
102
101
101
101
100
100
106
101
101
113
102
109
101
101
101
102
108
102
141
119
126
101
101
109
126
106
101
103
101
101
101
123
131
102
107
102
102
101
101
104
114
100
101
101
110
101
100
100
101
101
105
104
100
103
102
101
101
114
101
100
102
101
117
113
108
116
111
104
101
101
101
100
105
103
101
101
101
103
100
101
101
102
101
101
100
100
102
101
101
107
103
100
107
103
102
102
100
106
101
149
114
100
100
173
164
107
114
112
196
101
121
107
106
105
100
100
104
103
106
104
104
102
101
101
111
112
104
111
104
102
100
100
101
107
101
101
100
100
103
103
101
101
100
101
101
106
101
101
100
100
101
101
101
102
100
104
101
101
101
101
100
100
101
103
101
101
117
104
101
109
105
107
100
105
101
108
102
101
100
100
101
101
101
111
100
100
101
101
104
104
100
100
101
101
101
103
100
100
101
101
101
101
100
101
101
101
100
100
102
101
102
100
102
101
101
101
101
101
101
101
101
100
103
101
101
101
101
100
101
101
101
101
100
101
101
128
110
100
101
101
104
102
104
115
103
101
105
100
101
101
101
101
100
100
110
105
101
101
100
100
101
102
102
101
101
102
114
101
101
101
101
100
100
101
101
101
100
101
102
101
100
101
101
103
101
106
101
100
100
101
101
101
101
101
101
101
101
101
101
101
101
101
101
101
101
101
101
101
101
101
101
101
100
123
101
102
100
100
101
103
102
103
100
100
102
102
136
136
104
104
101
101
101
102
105
103
101
102
101
101
100
100
101
101
102
101
100
100
101
101
101
101
101
103
101
101
120
100
101
101
101
101
101
100
101
101
101
101
101
101
100
101
101
101
100
101
101
101
106
109
101
101
102
109
109
101
101
100
109
101
100
101
105
101
101
101
101
100
102
104
101
115
101
100
107
101
100
101
101
100
101
102
100
101
101
101
100
101
101
108
101
101
100
103
111
100
104
103
103
101
101
100
101
119
105
102
102
100
101
101
100
108
101
100
101
101
100
101
100
101
100
101
101
101
102
101
100
101
101
100
101
101
101
100
110
101
100
103
101
100
101
101
100
101
101
100
104
101
101
100
101
101
102
101
101
100
101
101
100
119
101
100
101
101
101
100
101
101
104
101
101
101
101
104
103
101
101
100
101
101
113
101
101
100
101
101
100
101
101
101
101
101
100
101
101
101
100
101
101
100
101
101
101
101
101
101
119
101
102
100
105
101
100
101
101
100
101
101
101
103
101
101
101
101
101
100
101
101
100
101
101
100
101
103
100
101
101
101
101
101
101
100
101
101
100
101
101
105
101
101
101
100
101
101
100
103
101
107
101
101
100
102
100
101
101
101
101
101
100
101
103
100
101
101
101
101
101
101
101
101
101
101
101
101
100
101
101
100
101
101
101
100
101
101
101
101
102
100
101
101
100
101
101
100
101
101
101
100
101
101
100
101
101
101
101
100
101
101
100
101
103
100
104
101
101
101
101
101
100
101
101
100
102
102
100
102
101
102
101
101
100
101
101
100
101
101
100
105
101
