102
102
103
117
106
105
106
104
105
102
105
102
101
105
105
104
104
104
106
103
104
101
102
105
105
104
102
101
106
104
105
101
103
100
105
104
101
105
103
101
102
101
102
104
100
103
100
102
103
106
106
104
105
103
105
101
104
103
104
104
101
105
105
105
105
102
103
101
110
106
102
106
104
102
103
105
102
105
101
103
103
102
104
105
100
104
103
109
101
105
104
102
104
108
105
102
105
103
102
104
100
101
105
101
103
103
101
102
102
101
104
105
102
101
106
103
105
102
106
103
101
101
102
106
105
101
105
103
105
104
105
102
103
102
103
103
104
103
101
104
105
105
104
104
105
105
105
110
103
105
104
101
102
102
103
101
103
104
102
104
105
105
103
105
105
103
104
104
104
104
101
103
101
100
100
101
104
103
102
103
104
102
100
104
104
104
103
104
105
104
105
104
105
105
104
103
103
103
105
102
105
105
104
103
103
105
101
103
103
105
105
104
105
106
105
104
104
105
105
105
110
104
105
102
104
105
105
104
105
105
106
103
106
105
104
104
103
104
105
105
106
105
101
104
103
101
103
102
104
104
101
105
102
102
103
104
104
105
103
101
103
103
105
105
105
101
105
105
105
102
103
104
105
105
104
105
104
105
105
104
103
102
101
104
104
103
102
104
102
103
105
102
104
103
105
103
103
105
104
105
131
102
122
147
198
116
111
100
104
101
121
100
100
102
101
104
101
101
100
100
101
101
101
102
100
100
101
101
107
100
107
110
102
102
107
107
103
103
113
113
118
118
101
104
108
109
109
109
101
103
101
101
103
104
134
140
107
106
101
101
101
101
108
111
101
101
108
109
100
100
101
102
101
101
101
101
101
103
101
101
116
120
100
106
101
101
102
111
110
116
104
101
114
101
100
103
107
101
101
101
103
101
101
101
101
101
101
101
101
113
113
101
100
103
114
111
101
104
102
103
101
102
129
127
100
100
102
102
138
109
102
107
155
229
102
122
149
108
102
100
104
103
104
102
115
104
101
101
101
101
110
110
104
104
101
101
103
102
100
105
102
114
101
101
102
100
117
108
102
101
110
111
104
104
101
102
102
102
102
104
101
141
100
103
101
101
101
101
101
101
106
107
101
101
101
101
112
103
101
101
112
116
101
104
102
103
101
101
100
100
101
101
109
114
100
101
101
101
103
100
101
101
100
101
101
103
104
101
101
105
101
100
103
101
100
101
101
101
101
102
100
104
102
101
101
101
101
100
101
101
101
103
105
100
100
101
101
103
105
101
100
101
101
103
115
104
126
101
101
123
112
101
101
102
103
100
100
101
101
101
101
101
101
100
100
101
102
101
101
104
105
101
101
101
104
101
100
101
101
101
101
101
101
100
101
101
101
101
101
100
100
101
101
107
123
100
100
101
101
101
101
101
101
108
104
100
100
101
101
100
100
101
107
101
101
102
101
101
101
104
101
101
101
101
103
103
117
118
102
101
101
101
104
104
103
101
102
101
102
108
101
101
102
101
104
104
101
101
101
101
100
100
101
102
101
101
101
101
101
112
101
101
101
101
100
101
101
101
104
101
106
100
101
101
102
100
101
106
100
101
101
129
101
101
100
110
101
100
101
106
100
101
101
113
115
102
110
101
114
101
100
102
101
100
101
102
100
101
101
100
101
108
101
104
104
101
100
101
101
106
101
120
101
119
104
103
101
102
100
101
115
105
101
105
100
102
101
100
111
101
100
101
101
100
103
100
101
100
101
101
100
101
101
100
101
101
101
100
101
102
100
101
101
101
101
101
101
100
101
106
100
101
104
100
104
101
107
101
101
100
101
101
100
101
101
101
100
101
101
100
101
101
101
109
108
101
104
117
101
101
101
105
101
101
101
100
115
104
105
101
102
100
101
101
100
100
104
101
101
101
100
101
101
101
100
101
101
101
101
101
101
101
101
101
119
101
101
100
104
101
100
101
101
100
101
101
101
103
101
101
101
101
101
100
101
101
100
101
102
100
100
103
100
101
101
101
100
101
101
100
101
101
100
101
104
101
100
101
101
100
101
101
112
101
101
101
111
101
101
100
103
100
101
101
101
101
101
100
101
103
100
101
101
101
101
100
101
101
101
101
101
101
101
100
101
101
100
101
101
100
101
101
101
100
101
103
100
101
101
105
101
101
100
101
101
101
100
101
101
101
101
101
101
101
101
101
101
102
100
101
104
100
112
101
101
101
102
101
100
102
101
100
101
101
100
105
101
100
101
101
100
101
102
100
